% RobotShapeData 
%Just some sample face and vertex data.
% platonic_solid by Kevin Moerman: https://www.mathworks.com/matlabcentral/fileexchange/28213-platonic-solid
% helped me generate these numbers
     %x,y,z
  
V1 = [-40, -45, -60;   %1
      -40, -45, 60;   %2
      -40, 45, -60;   %3
      -40, 45, 60;   %4
      40, -45, -60;   %5
      40, -45, 60;   %6
      40, 45, -60;   %7
      40, 45, 60;]; %8
  
V2 = [-40, -45, -60;   %1
      -40, -45, 60;   %2
      -40, 45, -60;   %3
      -40, 45, 60;   %4
      130, -45, -60;   %5
      130, -45, 60;   %6
      130, 45, -60;   %7
      130, 45, 60;]; %8
  
V3 = [-32, -45, -60;   %1
      -32, -45, 60;   %2
      -32, 45, -60;   %3
      -32, 45, 60;   %4
      218, -45, -60;   %5
      218, -45, 60;   %6
      218, 45, -60;   %7
      218, 45, 60;]; %8

% RIGHT THIN WALL
obst1_V = [160, 130, -65;   %1
           168, 130, -65;   %2
           287, 255, -65;   %3
           290, 255, -65;   %4
           160, 130, 30;   %5
           168, 130, 30;   %6
           287, 255, 30;   %7
           290, 255, 30;]; %8

% FRONT BIG BLOCK
obst2_V = [-35, 155, 110;   %1
           -35, 155, 190;   %2
           -35, 350, 110;   %3
           -35, 350, 190;   %4
           20, 155, 110;   %5
           20, 155, 190;   %6
           20, 350, 110;   %7
           20, 350, 190;]; %8
       
% FLOOR
obst3_V = [0, 0, 0;   %1
           0, 0, 1;   %2
           0, 1, 0;   %3
           0, 1, 1;   %4
           1, 0, 0;   %5
           1, 0, 1;   %6
           1, 1, 0;   %7
           1, 1, 1;]; %8       
obst3_V = [obst3_V(:,1)* 1000 - 500, obst3_V(:,2)*1000 - 500, obst3_V(:,3) * 1-65];

% LEFT THIN WALL
obst4_V = [-178, 130, -65;   %1
           -175, 130, -65;   %2
           -330, 240, -65;   %3
           -327, 240, -65;   %4
           -178, 130, 35;   %5
           -175, 130, 35;   %6
           -330, 240, 35;   %7
           -327, 240, 35;]; %8
       
F_ALL = [1, 2, 4, 3; %left
           5, 6, 8, 7; %right
           1, 3, 7, 5; %bottom
           2, 4, 8, 6; %top
           1, 2, 6, 5; %front
           3, 4, 8, 7; %back
           ];   